7 
7
    0.0184
    0.0194
    0.0200
    0.0202
    0.0200
    0.0194
    0.0184
    0.0200
    0.0204
    0.0210
    0.0212
    0.0210
    0.0204
    0.0194
    0.0200
    0.0210
    0.0217
    0.0219
    0.0217
    0.0210
    0.0200
    0.0202
    0.0212
    0.0219
    0.0221
    0.0219
    0.0212
    0.0202
    0.0200
    0.0210
    0.0217
    0.0219
    0.0217
    0.0210
    0.0200
    0.0194
    0.0204
    0.0210
    0.0212
    0.0210
    0.0204
    0.0194
    0.0184
    0.0194
    0.0200
    0.0202
    0.0200
    0.0194
    0.0184