13
13
   0.005187961737640
   0.005359578157140
   0.005504205788849
   0.005619386802437
   0.005703131714016
   0.005753976535178
   0.005771025342087
   0.005753976535178
   0.005703131714016
   0.005619386802437
   0.005504205788849
   0.005359578157140
   0.005187961737640
   0.005359578157140
   0.005536871602982
   0.005686283478979
   0.005805274650419
   0.005891789821804
   0.005944316576372
   0.005961929353361
   0.005944316576372
   0.005891789821804
   0.005805274650419
   0.005686283478979
   0.005536871602982
   0.005359578157140
   0.005504205788849
   0.005686283478979
   0.005839727218145
   0.005961929353361
   0.006050779127206
   0.006104723310514
   0.006122811366368
   0.006104723310514
   0.006050779127206
   0.005961929353361
   0.005839727218145
   0.005686283478979
   0.005504205788849
   0.005619386802437
   0.005805274650419
   0.005961929353361
   0.006086688690531
   0.006177397734795
   0.006232470754115
   0.006250937320637
   0.006232470754115
   0.006177397734795
   0.006086688690531
   0.005961929353361
   0.005805274650419
   0.005619386802437
   0.005703131714016
   0.005891789821804
   0.006050779127206
   0.006177397734795
   0.006269458602872
   0.006325352367461
   0.006344094138562
   0.006325352367461
   0.006269458602872
   0.006177397734795
   0.006050779127206
   0.005891789821804
   0.005703131714016
   0.005753976535178
   0.005944316576372
   0.006104723310514
   0.006232470754115
   0.006325352367461
   0.006381744438701
   0.006400653297298
   0.006381744438701
   0.006325352367461
   0.006232470754115
   0.006104723310514
   0.005944316576372
   0.005753976535178
   0.005771025342087
   0.005961929353361
   0.006122811366368
   0.006250937320637
   0.006344094138562
   0.006400653297298
   0.006419618182103
   0.006400653297298
   0.006344094138562
   0.006250937320637
   0.006122811366368
   0.005961929353361
   0.005771025342087
   0.005753976535178
   0.005944316576372
   0.006104723310514
   0.006232470754115
   0.006325352367461
   0.006381744438701
   0.006400653297298
   0.006381744438701
   0.006325352367461
   0.006232470754115
   0.006104723310514
   0.005944316576372
   0.005753976535178
   0.005703131714016
   0.005891789821804
   0.006050779127206
   0.006177397734795
   0.006269458602872
   0.006325352367461
   0.006344094138562
   0.006325352367461
   0.006269458602872
   0.006177397734795
   0.006050779127206
   0.005891789821804
   0.005703131714016
   0.005619386802437
   0.005805274650419
   0.005961929353361
   0.006086688690531
   0.006177397734795
   0.006232470754115
   0.006250937320637
   0.006232470754115
   0.006177397734795
   0.006086688690531
   0.005961929353361
   0.005805274650419
   0.005619386802437
   0.005504205788849
   0.005686283478979
   0.005839727218145
   0.005961929353361
   0.006050779127206
   0.006104723310514
   0.006122811366368
   0.006104723310514
   0.006050779127206
   0.005961929353361
   0.005839727218145
   0.005686283478979
   0.005504205788849
   0.005359578157140
   0.005536871602982
   0.005686283478979
   0.005805274650419
   0.005891789821804
   0.005944316576372
   0.005961929353361
   0.005944316576372
   0.005891789821804
   0.005805274650419
   0.005686283478979
   0.005536871602982
   0.005359578157140
   0.005187961737640
   0.005359578157140
   0.005504205788849
   0.005619386802437
   0.005703131714016
   0.005753976535178
   0.005771025342087
   0.005753976535178
   0.005703131714016
   0.005619386802437
   0.005504205788849
   0.005359578157140
   0.005187961737640
